  82 	   1
  83 	   2
  84 	   3
  85 	   4
  86 	   5
  87 	   6
  88 	   7
  89 	   8
  90 	   9
  91 	  10
  92 	  11
  93 	  12
  94 	  13
  95 	  14
  96 	  15
  97 	  16
  98 	  17
  99 	  18
 100 	  19
 101 	  20
 102 	  21
 103 	  22
 104 	  23
 105 	  24
 106 	  25
 107 	  26
 108 	  27
 109 	  28
 110 	  29
 111 	  30
 112 	  31
 113 	  32
 114 	  33
 115 	  34
 116 	  35
 117 	  36
 118 	  37
 119 	  38
 120 	  39
 121 	  40
 122 	  41
 123 	  42
 124 	  43
 125 	  44
 126 	  45
 127 	  46
 128 	  47
 129 	  48
 130 	  49
 131 	  50
 132 	  51
 133 	  52
 134 	  53
 135 	  54
 136 	  55
 137 	  56
 138 	  57
 139 	  58
 140 	  59
 141 	  60
 142 	  61
 143 	  62
 144 	  63
 145 	  64
 146 	  65
 147 	  66
 148 	  67
 149 	  68
 150 	  69
 151 	  70
 152 	  71
 153 	  72
 154 	  73
 155 	  74
 156 	  75
 157 	  76
 158 	  77
 159 	  78
 160 	  79
 161 	  80
 162 	  81
 163 	  82
 164 	  83
 165 	  84
 166 	  85
 167 	  86
 168 	  87
 169 	  88
 170 	  89
 171 	  90
 172 	  91
 173 	  92
 174 	  93
 175 	  94
 176 	  95
 177 	  96
 178 	  97
 179 	  98
 180 	  99
 181 	 100
 182 	 101
 183 	 102
 184 	 103
 185 	 104
 186 	 105
 187 	 106
 188 	 107
 189 	 108
 190 	 109
 191 	 110
 192 	 111
 193 	 112
 194 	 113
 195 	 114
 196 	 115
 197 	 116
 198 	 117
 199 	 118
 200 	 119
 201 	 120
 202 	 121
 203 	 122
 204 	 123
 205 	 124
 206 	 125
 207 	 126
 208 	 127
 209 	 128
 210 	 129
 211 	 130
 212 	 131
 213 	 132
 214 	 133
 215 	 134
 216 	 135
 217 	 136
 218 	 137
 219 	 138
 220 	 139
 221 	 140
 222 	 141
 223 	 142
 224 	 143
 225 	 144
 226 	 145
 227 	 146
 228 	 147
 229 	 148
 230 	 149
 231 	 150
 232 	 151
 233 	 152
 234 	 153
 235 	 154
 236 	 155
 237 	 156
 238 	 157
 239 	 158
 240 	 159
 241 	 160
 242 	 161
 243 	 162
 244 	 163
 245 	 164
 246 	 165
 247 	 166
 248 	 167
 249 	 168
 250 	 169
 251 	 170
 252 	 171
 253 	 172
 254 	 173
 255 	 174
 256 	 175
 257 	 176
 258 	 177
 259 	 178
 260 	 179
 261 	 180
 262 	 181
 263 	 182
 264 	 183
 265 	 184
 266 	 185
 267 	 186
 268 	 187
 269 	 188
 270 	 189
 271 	 190
 272 	 191
 273 	 192
 274 	 193
 275 	 194
 276 	 195
 277 	 196
 278 	 197
 279 	 198
 280 	 199
 281 	 200
 282 	 201
 283 	 202
 284 	 203
 285 	 204
 286 	 205
 287 	 206
 288 	 207
 289 	 208
 290 	 209
 291 	 210
 292 	 211
 293 	 212
 294 	 213
 295 	 214
 296 	 215
 297 	 216
 298 	 217
 299 	 218
 300 	 219
 301 	 220
 302 	 221
 303 	 222
 304 	 223
 305 	 224
 306 	 225
 307 	 226
 308 	 227
 309 	 228
 310 	 229
 311 	 230
 312 	 231
 313 	 232
 314 	 233
 315 	 234
 316 	 235
 317 	 236
 318 	 237
 319 	 238
 320 	 239
 321 	 240
 322 	 241
 323 	 242
 324 	 243
 325 	 244
 326 	 245
 327 	 246
 328 	 247
 329 	 248
 330 	 249
 331 	 250
 332 	 251
 333 	 252
 334 	 253
 335 	 254
 336 	 255
 337 	 256
 338 	 257
 339 	 258
 340 	 259
 341 	 260
 342 	 261
 343 	 262
 344 	 263
 345 	 264
 346 	 265
 347 	 266
 348 	 267
 349 	 268
 350 	 269
 351 	 270
 352 	 271
 353 	 272
 354 	 273
 355 	 274
 356 	 275
 357 	 276
 358 	 277
 359 	 278
 360 	 279
 361 	 280
 362 	 281
 363 	 282
 364 	 283
 365 	 284
 366 	 285
 367 	 286
 368 	 287
 369 	 288
 370 	 289
 371 	 290
 372 	 291
 373 	 292
 374 	 293
 375 	 294
 376 	 295
 377 	 296
 378 	 297
 379 	 298
 380 	 299
 381 	 300
 382 	 301
 383 	 302
 384 	 303
 385 	 304
 386 	 305
 387 	 306
 388 	 307
 389 	 308
 390 	 309
 391 	 310
 392 	 311
 393 	 312
 394 	 313
 395 	 314
 396 	 315
 397 	 316
 398 	 317
 399 	 318
 400 	 319
 401 	 320
 402 	 321
 403 	 322
 404 	 323
 405 	 324
 406 	 325
 407 	 326
 408 	 327
 409 	 328
 424 	 329
 425 	 330
 426 	 331
 427 	 332
 428 	 333
 429 	 334
 430 	 335
 431 	 336
 432 	 337
 433 	 338
 434 	 339
 435 	 340
 436 	 341
 437 	 342
 438 	 343
 439 	 344
 440 	 345
 441 	 346
 442 	 347
 443 	 348
 444 	 349
 445 	 350
 446 	 351
 447 	 352
 448 	 353
 449 	 354
 450 	 355
 451 	 356
 452 	 357
 453 	 358
 454 	 359
 455 	 360
 456 	 361
 457 	 362
 458 	 363
 459 	 364
 460 	 365
 461 	 366
 462 	 367
 463 	 368
 464 	 369
 465 	 370
 466 	 371
 467 	 372
 468 	 373
 469 	 374
 470 	 375
 471 	 376
 472 	 377
 473 	 378
 474 	 379
 475 	 380
 476 	 381
 477 	 382
 478 	 383
 479 	 384
 480 	 385
 481 	 386
 482 	 387
 483 	 388
 484 	 389
 485 	 390
 486 	 391
 487 	 392
 488 	 393
 489 	 394
 490 	 395
 491 	 396
 492 	 397
 493 	 398
 494 	 399
 495 	 400
 496 	 401
 497 	 402
 498 	 403
 499 	 404
 500 	 405
 501 	 406
 502 	 407
 503 	 408
 504 	 409
 505 	 410
 506 	 411
 507 	 412
 508 	 413
 509 	 414
 510 	 415
 511 	 416
 512 	 417
 513 	 418
 514 	 419
 515 	 420
 516 	 421
 517 	 422
 518 	 423
 519 	 424
 520 	 425
 521 	 426
 522 	 427
 523 	 428
 524 	 429
 525 	 430
 526 	 431
 528 	 432
 529 	 433
 530 	 434
 531 	 435
 532 	 436
 533 	 437
