  84 	   1
  85 	   2
  86 	   3
  87 	   4
  88 	   5
  89 	   6
  90 	   7
  91 	   8
  92 	   9
  93 	  10
  94 	  11
  95 	  12
  96 	  13
  97 	  14
  98 	  15
  99 	  16
 100 	  17
 101 	  18
 102 	  19
 103 	  20
 104 	  21
 105 	  22
 106 	  23
 107 	  24
 108 	  25
 109 	  26
 110 	  27
 111 	  28
 112 	  29
 113 	  30
 114 	  31
 115 	  32
 116 	  33
 117 	  34
 118 	  35
 119 	  36
 120 	  37
 121 	  38
 122 	  39
 123 	  40
 124 	  41
 125 	  42
 126 	  43
 127 	  44
 128 	  45
 129 	  46
 130 	  47
 131 	  48
 132 	  49
 133 	  50
 134 	  51
 135 	  52
 136 	  53
 137 	  54
 138 	  55
 139 	  56
 140 	  57
 141 	  58
 142 	  59
