 802 	   1
 803 	   2
 804 	   3
 805 	   4
 806 	   5
 807 	   6
 808 	   7
 809 	   8
 810 	   9
 811 	  10
 812 	  11
 813 	  12
 814 	  13
 815 	  14
 816 	  15
 817 	  16
 818 	  17
 819 	  18
 820 	  19
 821 	  20
 822 	  21
 823 	  22
 824 	  23
 825 	  24
 826 	  25
 827 	  26
 828 	  27
 829 	  28
 830 	  29
 831 	  30
 832 	  31
 833 	  32
 834 	  33
 835 	  34
 836 	  35
 837 	  36
 838 	  37
 839 	  38
 840 	  39
 841 	  40
 842 	  41
 843 	  42
 844 	  43
 845 	  44
 846 	  45
 847 	  46
 848 	  47
 849 	  48
 850 	  49
 851 	  50
 852 	  51
 853 	  52
 854 	  53
 855 	  54
 856 	  55
 857 	  56
 858 	  57
 859 	  58
 860 	  59
 861 	  60
 862 	  61
 863 	  62
 864 	  63
 865 	  64
 866 	  65
 867 	  66
 868 	  67
 869 	  68
 870 	  69
 871 	  70
 872 	  71
 873 	  72
 874 	  73
 875 	  74
 876 	  75
 877 	  76
 878 	  77
 879 	  78
 880 	  79
 881 	  80
 882 	  81
 883 	  82
 884 	  83
 885 	  84
 886 	  85
 887 	  86
 888 	  87
 889 	  88
 890 	  89
 891 	  90
