   1 	   1
   2 	   2
   3 	   3
   4 	   4
   5 	   5
   6 	   6
   7 	   7
   8 	   8
   9 	   9
  10 	  10
  11 	  11
  12 	  12
  13 	  13
  14 	  14
  15 	  15
  16 	  16
  17 	  17
  18 	  18
  19 	  19
  20 	  20
  21 	  21
  22 	  22
  23 	  23
  24 	  24
  25 	  25
  26 	  26
  27 	  27
  28 	  28
  29 	  29
  30 	  30
  31 	  31
  32 	  32
  33 	  33
  34 	  34
  35 	  35
  36 	  36
  37 	  37
  38 	  38
  39 	  39
  40 	  40
  41 	  41
  42 	  42
  43 	  43
  44 	  44
  45 	  45
  46 	  46
  47 	  47
  48 	  48
  49 	  49
  50 	  50
  51 	  51
  52 	  52
  53 	  53
  54 	  54
  55 	  55
  56 	  56
  65 	  57
  66 	  58
  67 	  59
  68 	  60
  69 	  61
  70 	  62
  71 	  63
  72 	  64
  73 	  65
  74 	  66
  75 	  67
  76 	  68
  77 	  69
  78 	  70
  79 	  71
  80 	  72
  81 	  73
  82 	  74
  83 	  75
  84 	  76
  85 	  77
  86 	  78
  87 	  79
  88 	  80
  89 	  81
  90 	  82
  91 	  83
  92 	  84
  93 	  85
  94 	  86
  95 	  87
  96 	  88
  97 	  89
  98 	  90
  99 	  91
 100 	  92
 101 	  93
 102 	  94
 103 	  95
 104 	  96
 105 	  97
 106 	  98
 107 	  99
 108 	 100
 109 	 101
 110 	 102
 111 	 103
 112 	 104
 113 	 105
 114 	 106
 115 	 107
 116 	 108
 117 	 109
 118 	 110
 119 	 111
 120 	 112
 121 	 113
 122 	 114
 123 	 115
 124 	 116
 125 	 117
 126 	 118
 127 	 119
 128 	 120
 129 	 121
 130 	 122
 131 	 123
 132 	 124
 133 	 125
 134 	 126
 135 	 127
 136 	 128
 137 	 129
 138 	 130
 139 	 131
 140 	 132
 141 	 133
 142 	 134
 143 	 135
 144 	 136
 145 	 137
 146 	 138
 147 	 139
 148 	 140
 149 	 141
 150 	 142
 151 	 143
 152 	 144
 153 	 145
 154 	 146
 155 	 147
 156 	 148
 157 	 149
 158 	 150
 159 	 151
 160 	 152
 161 	 153
 162 	 154
 163 	 155
 164 	 156
 165 	 157
 166 	 158
 167 	 159
 168 	 160
 169 	 161
 170 	 162
 171 	 163
 172 	 164
 173 	 165
 174 	 166
 175 	 167
 176 	 168
 177 	 169
 178 	 170
 179 	 171
 180 	 172
 181 	 173
 182 	 174
 183 	 175
 186 	 176
 187 	 177
 188 	 178
 189 	 179
 190 	 180
 191 	 181
 192 	 182
 193 	 183
 194 	 184
 195 	 185
 196 	 186
 197 	 187
 198 	 188
 199 	 189
 200 	 190
 201 	 191
 202 	 192
 203 	 193
 204 	 194
 205 	 195
 206 	 196
 207 	 197
 208 	 198
 209 	 199
 210 	 200
 211 	 201
 212 	 202
 213 	 203
 214 	 204
 215 	 205
 216 	 206
 217 	 207
 218 	 208
 219 	 209
 220 	 210
 221 	 211
 222 	 212
 223 	 213
 224 	 214
 225 	 215
 226 	 216
 227 	 217
 228 	 218
 229 	 219
 230 	 220
 231 	 221
 232 	 222
 233 	 223
 234 	 224
 235 	 225
 236 	 226
 237 	 227
 238 	 228
 239 	 229
 240 	 230
 241 	 231
 242 	 232
 243 	 233
 244 	 234
 245 	 235
 246 	 236
 247 	 237
 248 	 238
 249 	 239
 250 	 240
 251 	 241
 252 	 242
 253 	 243
 254 	 244
 255 	 245
 256 	 246
 257 	 247
 258 	 248
 259 	 249
 260 	 250
 261 	 251
 262 	 252
 263 	 253
 264 	 254
 265 	 255
 266 	 256
 267 	 257
 268 	 258
