1001 	   1
1002 	   2
1003 	   3
1004 	   4
1005 	   5
1006 	   6
1007 	   7
1008 	   8
1009 	   9
1010 	  10
1011 	  11
1012 	  12
1013 	  13
1014 	  14
1015 	  15
1016 	  16
1017 	  17
1018 	  18
1019 	  19
1020 	  20
1021 	  21
1022 	  22
1023 	  23
1024 	  24
1025 	  25
1026 	  26
1027 	  27
1028 	  28
1029 	  29
1030 	  30
1031 	  31
1032 	  32
1033 	  33
1034 	  34
1035 	  35
1036 	  36
1037 	  37
1038 	  38
1039 	  39
1040 	  40
1041 	  41
1042 	  42
1043 	  43
1044 	  44
1045 	  45
1046 	  46
1047 	  47
1048 	  48
1049 	  49
1050 	  50
1051 	  51
1052 	  52
1053 	  53
1054 	  54
1055 	  55
1056 	  56
1057 	  57
1058 	  58
1064 	  59
1065 	  60
1066 	  61
1067 	  62
1068 	  63
1069 	  64
1070 	  65
1071 	  66
1072 	  67
1073 	  68
1074 	  69
1075 	  70
1076 	  71
1077 	  72
1078 	  73
1079 	  74
1080 	  75
1081 	  76
1082 	  77
1083 	  78
1084 	  79
1085 	  80
1086 	  81
1087 	  82
1088 	  83
1089 	  84
1090 	  85
1091 	  86
1092 	  87
1093 	  88
1094 	  89
1095 	  90
1096 	  91
1097 	  92
1098 	  93
1099 	  94
1100 	  95
1101 	  96
1102 	  97
1103 	  98
1104 	  99
1105 	 100
1106 	 101
1107 	 102
1108 	 103
1109 	 104
1110 	 105
1111 	 106
1112 	 107
1113 	 108
1114 	 109
1115 	 110
1116 	 111
1117 	 112
1118 	 113
1119 	 114
1120 	 115
1121 	 116
1122 	 117
1123 	 118
1124 	 119
1125 	 120
1126 	 121
1127 	 122
1128 	 123
1129 	 124
1130 	 125
1131 	 126
1132 	 127
1133 	 128
1134 	 129
1135 	 130
1136 	 131
1137 	 132
1138 	 133
1139 	 134
1140 	 135
1141 	 136
1142 	 137
1143 	 138
1144 	 139
1145 	 140
1146 	 141
1147 	 142
1148 	 143
1149 	 144
1150 	 145
1151 	 146
1152 	 147
1153 	 148
1154 	 149
1155 	 150
1156 	 151
1157 	 152
1158 	 153
1159 	 154
1160 	 155
1161 	 156
1162 	 157
1163 	 158
1164 	 159
1165 	 160
1166 	 161
1167 	 162
1168 	 163
1169 	 164
1170 	 165
1171 	 166
1172 	 167
1173 	 168
1174 	 169
1175 	 170
1176 	 171
1177 	 172
1178 	 173
1179 	 174
1180 	 175
1181 	 176
1182 	 177
1183 	 178
1186 	 179
1187 	 180
1188 	 181
1189 	 182
1190 	 183
1191 	 184
1192 	 185
1193 	 186
1194 	 187
1195 	 188
1196 	 189
1197 	 190
1198 	 191
1199 	 192
1200 	 193
1201 	 194
1202 	 195
1203 	 196
1204 	 197
1205 	 198
1206 	 199
1207 	 200
1208 	 201
1209 	 202
1210 	 203
1211 	 204
1212 	 205
1213 	 206
1214 	 207
1215 	 208
1216 	 209
1217 	 210
1218 	 211
1219 	 212
1220 	 213
1221 	 214
1222 	 215
1223 	 216
1224 	 217
1225 	 218
1226 	 219
1227 	 220
1228 	 221
1229 	 222
1230 	 223
1231 	 224
1232 	 225
1233 	 226
1234 	 227
1235 	 228
1236 	 229
1237 	 230
1238 	 231
1239 	 232
1240 	 233
1241 	 234
1242 	 235
1243 	 236
1244 	 237
1245 	 238
1246 	 239
1247 	 240
1248 	 241
1249 	 242
1250 	 243
1251 	 244
1252 	 245
1253 	 246
1254 	 247
1255 	 248
1256 	 249
1257 	 250
1258 	 251
1259 	 252
1260 	 253
1261 	 254
1262 	 255
1263 	 256
1264 	 257
1265 	 258
1266 	 259
1267 	 260
1268 	 261
