   1 	   1
   2 	   2
   3 	   3
   4 	   4
   5 	   5
   6 	   6
   7 	   7
   8 	   8
   9 	   9
  10 	  10
  11 	  11
  12 	  12
  13 	  13
  14 	  14
  15 	  15
  16 	  16
  17 	  17
  18 	  18
  19 	  19
  20 	  20
  21 	  21
  22 	  22
  23 	  23
  24 	  24
  25 	  25
  26 	  26
  27 	  27
  28 	  28
  29 	  29
  30 	  30
  31 	  31
  32 	  32
  33 	  33
  34 	  34
  35 	  35
  36 	  36
  37 	  37
  38 	  38
  39 	  39
  40 	  40
  41 	  41
  42 	  42
  43 	  43
  44 	  44
  45 	  45
  46 	  46
  47 	  47
  48 	  48
  49 	  49
  50 	  50
  51 	  51
  52 	  52
  53 	  53
  63 	  54
  64 	  55
  65 	  56
  66 	  57
  67 	  58
  68 	  59
  69 	  60
  70 	  61
  71 	  62
  72 	  63
  73 	  64
  74 	  65
  75 	  66
  76 	  67
  77 	  68
  78 	  69
  79 	  70
  80 	  71
  81 	  72
  82 	  73
  83 	  74
  84 	  75
  85 	  76
  86 	  77
  87 	  78
  88 	  79
  89 	  80
  90 	  81
  91 	  82
  92 	  83
  93 	  84
  94 	  85
  95 	  86
  96 	  87
  97 	  88
  98 	  89
  99 	  90
 100 	  91
 101 	  92
 102 	  93
 103 	  94
 104 	  95
 105 	  96
 106 	  97
 107 	  98
 108 	  99
 109 	 100
 110 	 101
 111 	 102
 112 	 103
 113 	 104
 114 	 105
 115 	 106
 116 	 107
 117 	 108
 118 	 109
 119 	 110
 120 	 111
 121 	 112
 122 	 113
 123 	 114
 124 	 115
 125 	 116
 126 	 117
 127 	 118
 128 	 119
 129 	 120
 130 	 121
 131 	 122
 132 	 123
 133 	 124
 134 	 125
 135 	 126
 136 	 127
 137 	 128
 138 	 129
 139 	 130
 140 	 131
 141 	 132
 142 	 133
 143 	 134
 144 	 135
 145 	 136
 146 	 137
 147 	 138
 148 	 139
 149 	 140
 150 	 141
 151 	 142
 152 	 143
 153 	 144
 154 	 145
 155 	 146
 156 	 147
 157 	 148
 158 	 149
 159 	 150
 160 	 151
 161 	 152
 162 	 153
 163 	 154
 164 	 155
 165 	 156
 166 	 157
 167 	 158
 168 	 159
 169 	 160
 170 	 161
 171 	 162
 172 	 163
 173 	 164
 174 	 165
 175 	 166
 176 	 167
 196 	 168
 197 	 169
 198 	 170
 199 	 171
 200 	 172
 201 	 173
 202 	 174
 203 	 175
 204 	 176
 205 	 177
 206 	 178
 207 	 179
 208 	 180
 209 	 181
 210 	 182
 211 	 183
 213 	 184
 214 	 185
 215 	 186
 216 	 187
 217 	 188
 218 	 189
 219 	 190
 220 	 191
 221 	 192
 222 	 193
 223 	 194
 224 	 195
 225 	 196
 226 	 197
 227 	 198
 228 	 199
 229 	 200
 230 	 201
 231 	 202
 232 	 203
 233 	 204
 234 	 205
 235 	 206
 236 	 207
 237 	 208
 238 	 209
 239 	 210
 240 	 211
 241 	 212
 242 	 213
 243 	 214
 244 	 215
 245 	 216
 246 	 217
 247 	 218
 248 	 219
 251 	 220
 252 	 221
 253 	 222
 254 	 223
 255 	 224
 256 	 225
 257 	 226
 258 	 227
 259 	 228
 260 	 229
 261 	 230
 262 	 231
 263 	 232
 264 	 233
 265 	 234
 266 	 235
 267 	 236
 268 	 237
